births
27
23
20
43
38
28
35
46
24
29
41
38
35
33
24
44
31
30
39
40
35
25
34
42
24
36
45
36
32
28
39
35
20
43
15
23
40
23
14
30
17
33
46
30
22
36
30
24
30
31
21
42
43
37
32
35
29
24
24
37
31
15
27
25
31
33
31
12
42
36
27
32
33
18
36
23
26
31
28
21
40
23
30
30
41
27
37
27
31
39
31
35
46
32
33
21
23
37
25
8
29
39
27
18
25
29
28
32
2
28
48
28
34
29
30
39
4
45
31
27
39
24
17
37
32
32
39
43
46
27
18
28
24
41
22
31
19
22
34
31
25
32
31
41
18
21
32
21
40
15
48
45
35
26
23
24
23
33
25
29
24
28
46
23
33
45
29
44
38
34
21
30
29
61
28
39
29
32
37
23
17
38
26
37
19
39
30
26
37
36
26
34
39
38
29
35
29
33
20
38
27
43
31
36
32
41
35
42
23
37
37
26
40
60
38
20
37
20
32
28
32
35
34
32
42
29
42
36
39
30
44
37
21
37
32
39
28
29
56
31
32
16
30
20
41
31
13
37
39
31
23
44
30
41
23
22
29
43
30
31
34
38
30
34
32
37
33
43
30
31
35
33
51
30
44
37
38
34
20
42
42
44
46
