24
23
24
24
24
23
24
25
27
29
29
24
24
23
23
23
24
26
37
30
22
23
22
28
28
31
22
27
24
24
24
26
22
22
23
23
24
23
27
26
26
24
24
26
23
25
27
30
22
28
24
25
24
21
23
23
27
24
28
30
23
23
24
23
30
25
23
24
28
25
31
27
24
23
23
30
23
24
23
26
30
24
23
33
23
30
23
23
24
28
23
23
30
26
23
29
24
23
26
24
27
23
23
22
24
24
34
29
28
28
30
24
22
33
26
24
30
24
23
23
23
23
29
27
30
22
34
23
25
29
24
23
30
24
34
29
24
24
24
30
25
23
23
25
28
23
30
29
28
24
25
23
29
23
29
23
23
23
23
23
24
29
24
24
30
26
29
25
28
36
25
28
30
33
23
24
24
22
23
23
30
26
23
23
29
23
27
25
23
27
28
24
23
29
28
26
23
25
23
23
28
29
23
24
22
26
23
23
23
22
24
22
23
27
23
27
26
23
22
26
22
24
27
23
26
23
26
25
29
33
27
27
31
28
29
25
23
33
22
27
21
23
28
22
28
23
25
26
24
